Laberinto Inicial:
██████████
█--█-----█
█--█-----█
█--█--█--█
S--████--█
█--------E
█--------█
█--████--█
█--█-----█
█--█-----█
██████████
========================
Detalles del Laberinto:
Posición del Agente:       (4, 0)
Posición de la Salida:     (5, 9)
Porcentaje de Obstáculos:  45.4545%
Nodos Generados:           0

Nodos Inspeccionados:      0

Camino del Agente:         
Pasos del Agente:          0
Costo Total del Camino:    0
========================
██████████
█--█-----█
█--█-----█
█--█--█--█
S--████--█
█A*******E
█--------█
█--████--█
█--█-----█
█--█-----█
██████████
========================
Detalles del Laberinto:
Posición del Agente:       (5, 1)
Posición de la Salida:     (5, 9)
Porcentaje de Obstáculos:  45.4545%
Nodos Generados:           32
(4, 1) (5, 1) (3, 1) (6, 2) (5, 2) (6, 1) (4, 2) (3, 2) (6, 3) (5, 3) (5, 4) (6, 4) (2, 2) (2, 1) (5, 5) (6, 5) (7, 1) (7, 2) (5, 6) (6, 6) (5, 7) (6, 7) (4, 7) (5, 8) (4, 8) (6, 8) (1, 2) (1, 1) (5, 9) (8, 1) (8, 2) (7, 7) 
Nodos Inspeccionados:      24
(4, 0) (5, 1) (4, 1) (5, 2) (4, 2) (5, 3) (3, 1) (5, 4) (6, 2) (6, 1) (3, 2) (5, 5) (6, 3) (5, 6) (6, 4) (5, 7) (2, 2) (6, 5) (2, 1) (5, 8) (7, 2) (6, 6) (7, 1) (5, 9) 
Camino del Agente:         (5, 1) 
Pasos del Agente:          1
Costo Total del Camino:    7
========================
-----█----
----------
█--██-█---
---█---██-
S---------
█AA█*****E
---*--█---
----█----█
---------█
-█-----█-█
---█----█-
========================
Detalles del Laberinto:
Posición del Agente:       (5, 2)
Posición de la Salida:     (5, 9)
Porcentaje de Obstáculos:  17.2727%
Nodos Generados:           52
(5, 2) (6, 1) (4, 2) (6, 0) (4, 1) (6, 2) (4, 0) (6, 3) (4, 3) (3, 1) (3, 2) (7, 3) (7, 2) (7, 1) (7, 0) (3, 0) (6, 4) (5, 4) (3, 4) (4, 4) (5, 5) (6, 5) (4, 5) (7, 5) (3, 5) (4, 6) (5, 6) (7, 6) (3, 6) (8, 4) (8, 2) (8, 3) (6, 7) (4, 7) (5, 7) (8, 1) (2, 2) (2, 1) (2, 5) (8, 0) (6, 8) (4, 8) (5, 8) (5, 9) (6, 9) (4, 9) (8, 6) (8, 5) (3, 9) (7, 7) (8, 7) (2, 7) 
Nodos Inspeccionados:      33
(5, 1) (5, 2) (4, 2) (6, 2) (6, 1) (4, 1) (6, 3) (4, 3) (5, 4) (6, 4) (4, 4) (5, 5) (6, 0) (4, 0) (6, 5) (4, 5) (7, 3) (5, 6) (7, 2) (3, 2) (4, 6) (3, 4) (7, 1) (3, 1) (5, 7) (4, 7) (5, 8) (3, 5) (7, 5) (4, 8) (7, 6) (3, 6) (5, 9) 
Camino del Agente:         (5, 1) (5, 2) 
Pasos del Agente:          2
Costo Total del Camino:    12
========================
------█---
-----█---█
█--█------
---█--█---
S---█-----
-A░A*****E
-----█----
-█-------█
----█-----
█--------█
██--█-███-
========================
Detalles del Laberinto:
Posición del Agente:       (5, 3)
Posición de la Salida:     (5, 9)
Porcentaje de Obstáculos:  18.1818%
Nodos Generados:           42
(6, 3) (5, 3) (6, 2) (4, 1) (6, 1) (5, 1) (4, 3) (4, 2) (5, 4) (6, 4) (5, 5) (4, 5) (4, 6) (5, 6) (6, 6) (7, 4) (7, 2) (7, 3) (3, 2) (3, 4) (5, 0) (4, 0) (6, 0) (3, 1) (4, 7) (5, 7) (6, 7) (7, 5) (5, 8) (4, 8) (6, 8) (3, 5) (6, 9) (4, 9) (5, 9) (7, 0) (7, 7) (7, 6) (3, 7) (3, 0) (2, 5) (2, 4) 
Nodos Inspeccionados:      20
(5, 2) (5, 3) (5, 4) (5, 5) (6, 3) (4, 3) (6, 2) (5, 1) (4, 2) (5, 6) (6, 4) (5, 7) (4, 5) (5, 8) (6, 1) (6, 6) (4, 6) (4, 1) (3, 4) (5, 9) 
Camino del Agente:         (5, 1) (5, 2) (5, 3) 
Pasos del Agente:          3
Costo Total del Camino:    17
========================
--------█-
----------
----█-█-█-
█-------█-
S---------
-AA░A***█E
█-------*-
------█--█
----------
---█------
-----█---█
========================
Detalles del Laberinto:
Posición del Agente:       (5, 4)
Posición de la Salida:     (5, 9)
Porcentaje de Obstáculos:  11.8182%
Nodos Generados:           48
(6, 4) (6, 3) (5, 2) (4, 4) (5, 4) (4, 2) (4, 3) (6, 2) (5, 5) (4, 5) (6, 5) (5, 6) (4, 6) (6, 6) (6, 7) (5, 7) (4, 7) (7, 5) (7, 4) (7, 3) (3, 3) (3, 5) (3, 4) (5, 1) (6, 1) (4, 1) (6, 8) (4, 8) (3, 2) (7, 2) (3, 6) (7, 7) (3, 7) (7, 8) (7, 1) (3, 1) (8, 4) (8, 5) (8, 6) (2, 5) (2, 3) (6, 9) (5, 9) (8, 3) (3, 9) (4, 9) (2, 2) (8, 2) 
Nodos Inspeccionados:      27
(5, 3) (5, 4) (5, 5) (5, 6) (6, 4) (4, 4) (5, 2) (5, 7) (4, 3) (6, 3) (6, 5) (4, 5) (6, 6) (4, 6) (6, 7) (6, 2) (4, 7) (4, 2) (7, 5) (3, 5) (3, 4) (6, 8) (7, 4) (4, 8) (3, 3) (7, 3) (5, 9) 
Camino del Agente:         (5, 1) (5, 2) (5, 3) (5, 4) 
Pasos del Agente:          4
Costo Total del Camino:    22
========================
-------█--
----------
----------
------██--
S---█-----
-A░AAA***E
-█----█---
██--------
---█------
█---------
-█--------
========================
Detalles del Laberinto:
Posición del Agente:       (5, 5)
Posición de la Salida:     (5, 9)
Porcentaje de Obstáculos:  10%
Nodos Generados:           27
(5, 3) (4, 3) (6, 5) (5, 5) (6, 3) (4, 5) (6, 4) (4, 6) (5, 6) (4, 7) (5, 7) (6, 7) (5, 8) (4, 8) (6, 8) (7, 5) (7, 6) (7, 4) (3, 4) (3, 5) (5, 2) (6, 2) (4, 2) (5, 9) (4, 9) (6, 9) (7, 3) 
Nodos Inspeccionados:      11
(5, 4) (5, 5) (5, 6) (5, 7) (6, 5) (4, 5) (5, 3) (5, 8) (6, 4) (4, 6) (5, 9) 
Camino del Agente:         (5, 1) (5, 2) (5, 3) (5, 4) (5, 5) 
Pasos del Agente:          5
Costo Total del Camino:    27
========================
--------█-
██--█-----
-----█----
----█---█-
S--█---█--
-AAAA░A**E
---█------
█---█-----
--█-------
-------█--
---██-----
========================
Detalles del Laberinto:
Posición del Agente:       (5, 6)
Posición de la Salida:     (5, 9)
Porcentaje de Obstáculos:  14.5455%
Nodos Generados:           23
(6, 4) (4, 4) (4, 5) (6, 5) (4, 6) (6, 6) (5, 4) (5, 6) (6, 7) (5, 7) (6, 8) (5, 8) (4, 8) (6, 9) (4, 9) (5, 9) (3, 6) (3, 5) (3, 7) (7, 5) (7, 7) (7, 6) (5, 3) 
Nodos Inspeccionados:      9
(5, 5) (5, 6) (5, 7) (5, 8) (4, 6) (6, 6) (6, 5) (5, 4) (5, 9) 
Camino del Agente:         (5, 1) (5, 2) (5, 3) (5, 4) (5, 5) (5, 6) 
Pasos del Agente:          6
Costo Total del Camino:    32
========================
██-█---█-█
---█-█----
-█--█-----
--██------
S██-----█-
█A░AAAAA█E
--------*-
█--------█
------█--█
-----█----
██---█----
========================
Detalles del Laberinto:
Posición del Agente:       (5, 7)
Posición de la Salida:     (5, 9)
Porcentaje de Obstáculos:  21.8182%
Nodos Generados:           22
(4, 5) (6, 5) (6, 6) (5, 5) (6, 7) (4, 6) (4, 7) (5, 7) (6, 8) (7, 6) (7, 7) (7, 8) (3, 7) (3, 6) (3, 8) (7, 5) (6, 4) (4, 4) (5, 4) (3, 5) (6, 9) (5, 9) 
Nodos Inspeccionados:      9
(5, 6) (5, 7) (6, 7) (4, 7) (6, 6) (5, 5) (4, 6) (6, 8) (5, 9) 
Camino del Agente:         (5, 1) (5, 2) (5, 3) (5, 4) (5, 5) (5, 6) (5, 7) 
Pasos del Agente:          7
Costo Total del Camino:    37
========================
--█--█----
█---█-█---
-----█----
----█---█-
S--█-█-█--
-AAAA░AAAE
--------██
-█--██----
----------
-█-------█
----█-█---
========================
Detalles del Laberinto:
Posición del Agente:       (5, 8)
Posición de la Salida:     (5, 9)
Porcentaje de Obstáculos:  18.1818%
Nodos Generados:           8
(4, 6) (5, 6) (4, 8) (6, 6) (6, 7) (5, 8) (4, 9) (5, 9) 
Nodos Inspeccionados:      3
(5, 7) (5, 8) (5, 9) 
Camino del Agente:         (5, 1) (5, 2) (5, 3) (5, 4) (5, 5) (5, 6) (5, 7) (5, 8) 
Pasos del Agente:          8
Costo Total del Camino:    42
========================
██-----█-█
-█-█-█----
----█-----
--██---█--
S-█-----█-
-A░AAAAA░A
---█------
---------█
-█-------█
-------█--
-█-█------
========================
Detalles del Laberinto:
Posición del Agente:       (5, 9)
Posición de la Salida:     (5, 9)
Porcentaje de Obstáculos:  18.1818%
Nodos Generados:           7
(5, 7) (6, 7) (6, 8) (5, 9) (6, 9) (4, 9) (4, 7) 
Nodos Inspeccionados:      2
(5, 8) (5, 9) 
Camino del Agente:         (5, 1) (5, 2) (5, 3) (5, 4) (5, 5) (5, 6) (5, 7) (5, 8) (5, 9) 
Pasos del Agente:          9
Costo Total del Camino:    47
========================
